N = 3
n = 0, p_1 = 0.36, p_2 = 0.04000000000000001, T[n] = 1
n = 1, p_1 = 0.036, p_2 = 0.12, T[n] = 2
n = 2, p_1 = 0.021599999999999998, p_2 = 0.0672, T[n] = 2
T = [1 2 2]
